2132A,001
2133A,002A
2133A,002B
2133A,002C
2133A,002D
2133A,002E
2133A,002F
2133A,002G
2133A,009
2132B,001
2133A,005
2133A,006
2133A,007
2133A,008
2133A,010
2133A,010A
2133A,011
2133A,011A
2133A,012
2133A,013
2133A,014
2133A,015
2133A,016
2133A,017
2134A,012
2133A,018
2133A,019
2133A,019A
2133A,024
2133A,026
2133A,027
2135,001K
2133A,028
2133A,029
2133A,030
2134A,001
2134A,004
2134A,005
2134A,006
2134A,007
2134A,008
2134A,009
2134A,010
2134A,011
2134A,013
2134A,014
2135,001L
2135,001M
2135,001N
2135,001O
2135,001P
2135,001Q
2134A,015
2134A,016
2134A,017
2134A,018
2134A,019
2134A,020
2134A,021
2134A,022
2134A,023
2134A,024
2134A,025
2134A,026
2135,001G
2135,001H
2135,001I
2135,001R
2135,002
2135,002A
2134B,001
2134B,002
2134B,003
2134B,004
2134B,005
2134B,006
2134B,007
2134B,008
2134B,009
2134B,010
2135,001
2135,001A
2135,001B
2135,001C
2135,001D
2135,001E
2135,001F
2135,002B
2135,003
2135,003A
2135,003B
2135,003C
2135,003D
2135,004
2135,005
2135,006
2135,007
2135,007A
2135,008
2135,009
2135,010
2135,011
2135,012
2135,013
2135,014
2135,015
2135,016
2136,001
2136,001A
2136,001B
2136,002
2136,002A
2136,003
2136,003B
2136,003C
2136,003D
2136,003E
2136,004
2136,005
2136,005A
2136,005B
2136,006
2136,007
2136,007A
2136,007B
2136,007C
2136,007D
2136,007E
2136,007F
2136,007G
2136,007H
2136,007I
2136,007J
2136,007K
2136,007L
2136,008
2136,009
2136,010
2136,011
2136,012
2136,012A
2136,013
2136,014
2136,015
2136,016
2136,017
2137,001
2137,001A
2137,001B
2137,001C
2137,001D
2137,001E
2137,001F
2137,001G
2137,002
2137,002A
2137,002B
2137,002C
2137,002D
2137,002E
2137,002F
2137,002G
2137,002H
2137,002I
2137,002J
2137,002K
2137,002L
2137,002M
2137,002N
2137,002O
2137,002P
2137,002Q
2137,002R
2137,002S
2137,002T
2137,002U
2137,002V
2137,002W
2137,002X
2137,002Y
2137,003
2137,003A
2137,004
2137,004A
2137,004B
2137,004C
2137,005
2137,006
2137,007
2137,008
2137,009
2137,010
2137,011
2137,012
2138,001
2138,001A
2138,001B
2138,001C
2138,002
2138,003
2138,004
2138,004A
2138,005
2138,005A
2138,006
2138,006A
2138,006B
2138,006C
2138,006D
2138,006E
2138,006F
2138,006G
2138,006H
2138,006I
2138,006J
2138,006K
2138,006L
2138,007
2138,007A
2138,007B
2138,007C
2138,008
2138,009
2138,010
2138,013
2138,014
2138,015
2138,016
2138,018
2138,019
2138,020
2138,021
2138,022
2138,023
2138,024
2138,027
2138,028
2138,029
2138,031
2138,032
2138,033
2138,034
2138,035
2139,001
2139,001A
2139,001B
2139,001C
2139,001D
2139,001E
2139,001F
2139,002
2139,002A
2139,003
2139,004
2139,007A
2139,007B
2139,008
2139,008A
2139,009
2139,010
2139,011
2139,012
2139,016
2139,016A
2139,017
2139,017A
2139,018
2139,018A
2139,019
2139,019A
2139,020
2139,020A
2139,021
2139,021A
2139,021B
2139,021C
2139,021D
2139,021E
2139,021F
2139,021G
2139,021I
2139,022
2139,023
2139,024
2139,025
2139,026
2140,001
2140,002
2140,002A
2140,003
2140,004
2140,004A
2140,004B
2140,005
2140,005A
2140,006
2140,007
2140,007A
2140,008
2140,008A
2140,009
2140,010
2140,011
2140,012
2140,012A
2140,013
2140,013A
2140,013B
2140,013C
2140,014
2140,014A
2140,015
2140,015A
2140,015B
2140,015C
2140,015D
2140,015E
2140,015F
2140,015G
2140,015H
2140,015I
2140,016
2140,016A
2140,016B
2140,016C
2140,016D
2140,016E
2140,016F
2140,016G
2140,017
2140,018
2140,019
2140,020
2140,020A
2140,022
2140,023
2140,024
2140,025
2140,026
2140,027
2140,028
2141,001
2141,001A
2141,001B
2141,001C
2141,001D
2141,001E
2141,001F
2141,001G
2141,001H
2141,002
2141,002A
2141,003
2141,003A
2141,004
2141,004A
2141,005
2141,005A
2141,006
2141,006A
2141,006B
2141,006C
2141,006D
2143,006
2141,006E
2141,006F
2141,006G
2141,007
2141,007A
2141,007B
2141,007C
2141,007D
2141,007E
2141,008
2141,008A
2141,009
2141,009A
2141,010
2141,010A
2141,011
2141,012
2141,012A
2141,013
2141,013A
2141,013B
2141,013C
2141,013D
2141,014
2141,014A
2141,014B
2141,014C
2141,014D
2142,001
2142,001A
2142,001B
2142,001C
2142,001D
2142,001E
2142,002
2142,003
2142,004
2142,004A
2142,005
2142,005A
2142,006
2142,006A
2142,007
2142,007A
2142,008
2142,009
2142,010
2142,010A
2142,011
2142,011A
2142,012
2142,013
2142,013A
2142,014
2142,015
2142,016
2142,016A
2142,016B
2142,016C
2142,017
2142,017A
2142,018
2142,018A
2142,018B
2142,018C
2142,019
2142,019A
2142,020
2142,021
2142,021A
2142,021B
2142,022
2142,023
2142,024
2142,024A
2142,025
2142,025A
2142,025B
2142,025C
2142,025D
2142,026
2142,027
2143,001
2143,002
2143,003
2143,004
2143,005
2143,007
2143,008
2143,009
2143,010
2143,011
2143,012
2143,013
2143,014
2143,015
2143,016
2143,017
2143,018
2143,019
2143,020
2143,021
2143,022
2143,023
2143,024
2143,025
2143,026
2143,027
2143,028
2143,029
2143,030
2143,031
2143,032
2143,033
2143,034
2143,035
2143,036
2143,037
2143,038
2143,039
2143,040
2143,041
2143,042
2143,043
2143,044
2143,045
2143,046
2143,047
2143,048
2143,049
2143,050
2143,051
2143,052
2143,053
2143,054
2143,055
2143,056
2143,057
2143,058
2148,001
2148,002
2148,003
2148,004
2148,005
2148,006
2148,007
2148,008
2148,009
2148,010
2148,011
2148,012
2148,013
2148,014
2148,015
2148,016
2148,017
2148,018
2148,019
2148,020
2148,021
2148,022
2148,023
2148,024
2148,025
2148,026
2148,027
2148,028
2148,029
2148,030
2148,031
2148,032
2148,033
2148,034
2148,035
2148,036
2148,037
2148,038
2148,039
2148,040
2148,041
2148,042
2148,043
2148,044
2148,045
2148,046
2148,047
2148,048
2148,049
2148,050
2148,051
2148,052
2148,053
2148,054
2148,055
2148,056
2149,001
2149,001A
2149,001B
2149,001C
2149,001D
2149,001E
2149,001F
2149,001G
2149,001H
2149,001I
2149,001J
2149,001K
2149,002
2149,002A
2149,002B
2149,002C
2149,002D
2149,002E
2149,002F
2149,002G
2149,003
2149,003A
2149,003B
2149,003C
2149,003D
2149,003E
2149,003F
2149,003G
2149,003H
2149,003I
2149,003J
2149,003K
2149,003L
2149,003M
2149,003N
2149,003O
2149,003P
2149,003Q
2149,003R
2149,004
2149,005
2149,006
2149,007
2149,008
2149,009
2149,010
2149,011
2149,012
2149,013
2149,014
2149,015
2149,016
2149,017
2149,018
2149,019
2150,001
2150,001A
2150,001B
2150,001C
2150,002
2150,002A
2150,002B
2150,002C
2150,002D
2150,002E
2150,002F
2150,002G
2150,002H
2150,002I
2150,002J
2150,003
2150,003A
2150,004
2150,004A
2150,005
2150,006
2150,006A
2150,006B
2150,007
2150,008
2150,009
2150,009A
2150,010
2150,010A
2150,010B
2150,010C
2150,011
2150,012
2150,013
2150,014
2150,014A
2150,014B
2150,014C
2150,015
2150,015A
2150,015B
2150,015C
2150,016
2150,016A
2150,016B
2150,016C
2150,017
2150,018
2150,018A
2150,018B
2150,019
2150,020
2150,021
2150,022
2151,001
2151,002
2151,003
2151,004
2151,005
2151,006
2151,007
2151,008
2151,009
2151,010
2151,011
2151,012
2151,013
2151,014
2151,015
2151,016
2151,017
2151,018
2151,019
2151,020
2151,021
2151,022
2151,023
2151,024
2151,026
2151,027
2151,028
2151,029
2151,030
2151,031
2151,032
2151,033
2151,034
2151,035
2151,036
2151,037
2151,038
2151,039
2151,040
2151,041
2151,042
2151,043
2151,044
2151,045
2151,046
2151,047
2151,048
2151,049
2151,050
2151,051
2151,052
2151,053
2151,054
2151,055
2151,056
2151,057
2152,001
2152,002
2152,003
2152,004
2152,005
2152,006
2152,007
2152,008
2152,009
2152,010
2152,011
2152,012
2152,013
2152,014
2152,015
2152,016
2152,017
2152,018
2152,019
2152,020
2152,021
2152,021A
2152,021B
2152,021C
2152,021D
2152,021E
2152,021F
2152,021G
2152,021H
2152,021J
2152,021K
2152,021L
2152,022
2152,023
2152,024
2152,025
2152,026
2152,027
2152,028
2152,029
2152,030
2152,031
2152,032
2152,033
2152,034
2152,035
2152,036
2152,037
2152,038
2152,039
2152,040
2152,041
2152,042
2152,043
2152,044
2152,045
2152,046
2153,001
2153,002
2153,003
2153,004
2153,005
2153,006
2153,007
2153,008
2153,009
2153,010
2153,011
2153,012
2153,013
2153,014
2153,015
2153,016
2153,017
2153,018
2153,019
2153,020
2153,021
2153,022
2153,023
2153,024
2153,025
2153,026
2153,027
2153,030
2153,031
2153,032
2153,033
2153,034
2153,035
2153,036
2153,037
2153,038
2153,039
2153,040
2153,041
2153,042
2153,043
2153,044
2153,045
2153,046
2153,047
2153,048
2153,049
2153,050
2153,051
2153,052
2153,053
2153,054
2153,055
2153,056
2153,057
2154,001
2155,001
2155,002
2155,003
2155,004
2155,005
2155,006
2155,007
2155,008
2155,009
2155,010
2155,011
2155,012
2155,013
2155,014
2155,015
2155,016
2155,017
2155,018
2155,019
2155,020
2155,021
2155,022
2155,023
2155,024
2155,025
2155,026
2155,027
2155,028
2155,029
2155,030
2155,031
2155,032
2155,033
2155,034
2155,035
2155,036
2155,037
2155,038
2155,039
2155,040
2155,041
2155,042
2155,043
2155,044
2155,045
2155,046
2155,047
2155,048
2155,049
2155,050
2155,051
2155,052
2155,053
2155,054
2156,001
2161,001
2161,001A
2161,001B
2161,001C
2161,002
2161,003
2161,004
2161,005
2161,005A
2161,006
2161,006A
2161,006B
2161,007
2161,007A
2161,007B
2161,007C
2161,008
2161,009
2161,010
2161,011
2161,012
2161,012A
2161,013
2161,014
2161,015
2161,015A
2161,016
2161,016A
2161,017
2161,017A
2161,018
2161,018A
2161,019
2161,020
2161,021
2161,021A
2161,022
2161,022A
2161,022B
2161,022C
2161,022D
2162,009
2161,022E
2161,023
2161,024
2161,024A
2161,025
2161,026
2161,026A
2161,027
2161,028
2161,029
2161,030
2161,031
2161,032
2161,033
2161,034
2162,001
2162,001A
2162,001B
2162,001C
2162,026
2162,002
2162,003
2162,004
2162,005
2162,006
2162,006A
2162,006B
2162,006C
2162,007
2162,008
2162,010
2162,011
2162,012
2162,013
2162,014
2162,015
2162,015A
2162,016
2162,017
2162,018
2162,019
2162,019A
2162,019B
2162,020
2162,021
2162,022
2162,023
2162,024
2162,025
2162,027
2162,028
2162,029
2162,030
2162,031
2162,032
2162,033
2162,034
2162,035
2162,036
2162,037
2162,038
2162,039
2162,040
2162,041
2162,041A
2162,042
